image: map.pgm
resolution: 0.040000
origin: [-9.457898, -8.331606, 0.000000]
negate: 0
occupied_thresh: 0.65
free_thresh: 0.196

